50 125 10 1 11 10

0 48

20
25
26
28
30
4
9
14
32
46


0 35 3
0 2 7
0 46 2
0 31 7
0 18 1
0 45 8
1 40 4
1 12 3
1 13 1
2 29 3
2 37 4
2 5 3
2 40 7
3 42 8
3 28 7
3 36 4
3 48 3
3 21 5
3 27 2
3 37 8
4 33 5
4 27 7
4 10 6
4 20 7
5 10 9
6 10 6
7 15 7
7 45 7
7 31 7
7 47 1
7 26 3
7 9 5
7 44 8
7 43 7
8 26 7
8 44 4
8 47 9
8 43 4
8 44 1
9 34 5
9 36 7
9 30 4
10 22 4
10 33 9
10 26 8
11 18 4
11 17 7
12 38 3
12 47 7
12 14 4
12 44 4
12 35 6
12 44 9
13 22 5
13 35 4
13 29 8
13 43 2
14 33 7
14 45 2
14 44 1
14 26 7
15 33 7
15 32 8
15 30 6
16 17 1
16 44 6
17 34 4
17 35 1
17 21 5
17 37 3
18 37 1
18 20 3
18 32 8
19 36 8
19 43 9
19 42 5
19 29 2
20 41 2
20 40 7
21 34 7
21 43 5
21 32 7
21 24 2
22 34 9
22 37 8
22 34 9
23 24 5
23 25 1
23 25 6
23 44 2
24 31 6
24 26 6
25 34 6
25 32 1
25 40 5
25 43 7
25 27 5
26 46 9
26 43 6
27 46 3
27 42 7
27 34 5
28 38 6
29 40 8
30 38 9
30 42 7
30 35 3
31 36 5
31 43 6
31 39 4
31 36 9
32 47 8
32 34 9
32 38 1
33 35 7
34 40 4
34 44 2
34 40 3
37 47 5
37 40 4
37 46 3
37 48 2
37 47 2
37 48 2
41 44 3

25 34 6

8 26 7
11 18 4
16 17 1
4 27 7
17 37 3
19 29 2
21 34 7
26 43 6
34 40 4
33 35 7