100 250 5 1 11 5

0 94

17
14
40
51
64

0 92 6
0 3 9
0 72 5
1 67 1
1 91 5
1 23 8
1 18 1
2 7 2
2 5 8
2 79 1
2 94 7
2 61 6
2 33 2
3 94 3
3 85 9
3 40 2
4 55 7
4 19 5
4 87 3
4 11 6
5 28 8
5 51 8
5 58 1
5 14 5
5 13 9
5 64 9
5 19 8
5 14 3
5 13 3
6 81 7
6 72 9
6 60 2
6 74 8
6 41 6
6 53 7
6 31 7
6 23 2
7 26 3
7 38 3
7 30 6
8 84 8
8 81 9
8 34 3
8 38 3
9 89 1
9 93 2
9 17 9
9 10 8
9 85 5
10 35 3
10 59 4
10 26 6
11 74 6
11 27 8
12 53 4
12 37 6
12 24 9
13 71 9
13 47 8
13 28 3
13 57 5
14 48 2
14 85 3
14 98 9
14 41 9
15 21 2
15 92 9
15 38 5
16 46 5
16 23 6
17 56 8
17 64 2
17 28 4
18 83 3
18 53 2
18 40 5
18 70 2
19 44 8
19 91 5
19 73 6
20 69 9
20 86 8
20 76 1
21 55 7
21 80 1
21 79 9
21 85 3
21 51 1
22 78 7
22 50 5
22 74 4
22 24 2
23 60 4
23 48 6
23 47 8
24 94 6
24 60 8
24 57 1
24 47 1
25 80 6
25 76 8
25 46 7
25 98 4
25 65 3
25 75 8
25 56 6
25 61 3
26 79 3
26 80 1
26 63 3
26 67 8
26 82 8
26 71 4
27 43 1
27 31 3
27 52 6
27 80 9
28 57 2
28 56 8
28 86 7
28 55 5
28 77 1
28 66 2
28 34 9
29 92 1
29 42 2
29 81 8
29 36 6
29 54 1
29 54 3
30 81 1
30 37 4
30 81 5
30 50 2
31 88 5
31 83 5
31 67 8
31 55 3
32 49 1
32 78 4
32 74 5
33 49 5
33 87 8
34 76 6
34 70 1
35 62 9
35 97 6
35 74 9
35 92 7
35 59 1
35 96 9
36 53 8
36 38 7
37 67 5
37 48 3
37 79 6
38 88 5
38 88 5
38 56 5
39 50 7
39 64 5
39 75 6
40 56 4
40 93 4
40 83 2
40 90 4
40 83 7
41 80 8
41 50 1
41 91 6
42 88 4
43 93 8
43 71 7
44 82 6
44 89 8
44 69 7
44 58 6
46 94 1
47 82 4
47 52 4
47 66 3
47 97 9
47 60 8
47 71 6
48 83 5
48 76 6
49 56 3
49 90 2
49 75 3
49 52 6
49 64 7
50 78 7
51 73 1
51 96 8
51 81 7
52 80 8
52 68 2
52 91 1
53 85 3
55 97 4
55 80 8
56 85 5
57 73 7
58 98 3
58 93 9
58 90 8
58 73 1
59 79 2
59 80 6
60 98 6
60 79 9
61 96 7
61 84 6
62 65 8
62 64 9
63 71 3
63 74 9
63 86 1
63 88 5
64 95 3
64 96 7
65 98 2
65 93 2
66 84 3
68 95 1
68 70 4
69 81 7
69 74 9
70 76 4
71 95 8
71 82 7
75 79 3
75 85 9
75 80 3
76 86 9
78 85 9
78 96 6
80 83 8
80 94 1
81 90 6
81 84 3
82 90 9
83 86 3
85 94 2
85 88 5
86 92 5
89 97 1
89 96 5
89 95 7
92 94 5

41 50 1

6 23 2
55 80 8
22 74 4
63 86 1
49 90 2