250 625 2 1 11 2

0 245

101
143

0 219 6
0 2 7
0 138 6
0 132 8
0 123 5
0 130 2
0 45 9
0 231 2
1 91 2
1 127 3
1 243 9
1 96 5
1 141 5
2 53 2
2 108 7
2 206 5
3 202 7
3 128 9
3 66 2
3 101 5
3 190 2
4 30 7
4 41 5
4 85 4
5 59 4
5 191 5
5 55 5
6 207 4
6 221 9
6 11 7
6 129 6
6 65 4
6 192 5
6 11 3
7 153 8
7 177 2
7 96 9
8 237 2
8 27 8
8 196 8
9 184 4
9 14 6
9 192 6
9 112 3
9 59 6
9 119 6
9 57 4
9 36 2
9 176 5
10 161 4
10 206 3
11 131 2
11 187 8
11 47 9
12 54 5
12 183 2
12 147 1
12 119 4
12 155 2
13 29 5
13 125 1
13 40 1
13 78 2
13 71 2
13 142 6
13 83 3
14 98 8
14 92 7
15 162 1
15 121 1
15 131 5
15 18 2
15 91 7
16 111 7
16 192 3
16 33 5
17 197 3
17 224 7
17 213 5
17 162 2
18 33 2
18 44 9
18 156 7
18 110 5
18 237 8
18 52 4
18 143 8
19 211 5
19 172 2
19 39 8
19 204 7
19 181 1
19 145 3
19 53 6
20 100 2
20 25 3
20 231 1
20 134 7
20 236 7
21 152 3
21 191 9
21 101 4
21 215 5
22 66 9
22 154 8
22 216 1
22 222 2
22 119 1
23 31 9
23 120 7
23 176 7
23 118 9
23 91 5
23 112 1
24 171 2
24 99 5
24 209 2
24 85 1
25 117 7
25 34 2
25 45 9
25 131 4
25 210 8
25 101 1
26 156 9
26 124 5
26 142 3
27 180 4
27 177 3
27 194 6
27 165 7
27 129 6
27 98 7
28 222 4
28 97 7
28 42 5
28 106 4
28 39 8
29 52 3
29 221 1
29 53 7
29 37 5
30 193 1
30 175 7
31 221 4
31 191 7
31 97 6
32 41 1
32 79 1
32 159 7
33 138 6
33 48 4
34 141 5
34 43 5
34 132 2
35 180 8
35 99 8
35 243 3
35 152 2
35 78 4
35 143 3
35 108 2
35 236 1
35 128 1
36 184 9
36 71 5
36 139 3
36 201 6
36 58 1
36 38 9
37 244 5
38 43 1
38 127 1
38 118 6
38 242 4
39 154 8
39 218 5
39 54 5
39 150 5
39 126 3
40 79 6
40 195 9
40 169 6
41 108 1
41 152 4
41 93 6
41 163 1
41 167 8
41 216 1
42 73 2
42 73 2
42 117 5
43 109 9
43 75 8
43 235 6
43 100 2
43 88 3
43 227 5
44 178 9
45 120 2
45 111 7
46 157 4
46 98 5
46 187 2
46 161 8
46 172 1
46 213 6
46 163 1
46 140 8
47 73 9
47 139 8
47 96 9
48 99 9
48 54 2
48 150 5
49 114 5
49 106 2
49 139 6
49 152 8
50 105 4
50 209 8
51 235 3
51 235 4
51 135 7
51 133 9
51 75 2
52 220 4
52 179 6
53 72 1
53 174 1
53 141 3
53 239 1
53 237 1
54 74 3
54 212 5
54 188 1
54 184 6
54 199 6
54 173 1
54 131 2
55 155 7
55 178 2
55 225 2
56 204 8
56 79 9
56 135 9
57 138 9
57 187 6
57 178 6
58 91 2
58 235 8
58 121 1
59 161 5
59 198 6
59 204 4
60 159 4
61 71 5
61 150 8
61 93 4
62 122 8
63 206 5
63 140 2
63 66 2
64 207 3
64 179 5
65 142 7
65 150 6
65 97 1
65 232 5
65 108 6
65 239 9
66 145 5
66 197 8
66 123 6
66 121 3
66 120 6
66 120 7
67 72 4
67 87 8
67 201 6
67 212 1
67 200 2
68 177 4
68 99 8
68 133 6
68 94 4
69 108 6
69 199 7
69 79 5
69 90 2
70 207 6
70 88 3
70 188 9
70 116 9
70 157 3
70 113 8
71 141 4
71 137 4
71 171 7
71 129 6
71 189 8
72 126 4
72 92 5
72 147 2
72 209 2
72 114 6
72 152 1
73 225 3
73 161 8
73 172 5
74 176 8
75 208 9
75 114 7
75 243 2
76 161 5
76 187 2
76 84 4
76 229 7
77 91 6
77 87 2
77 174 6
78 225 9
78 136 3
78 115 3
78 106 7
79 159 6
79 143 6
79 133 7
80 100 3
80 204 2
80 246 3
80 114 5
80 227 4
81 176 1
81 147 1
81 180 7
82 97 4
82 143 2
82 194 4
82 99 8
83 92 6
83 234 3
83 247 8
84 148 8
84 122 4
84 181 7
85 170 2
85 116 6
85 94 9
85 119 3
85 192 8
86 224 2
86 129 6
86 156 2
86 239 9
87 235 4
87 176 2
88 175 9
88 162 6
88 200 2
88 152 5
88 154 7
89 172 2
90 164 9
90 141 4
90 129 6
91 142 5
91 181 6
91 141 1
91 175 8
91 170 2
91 117 1
92 124 6
92 244 6
92 234 9
93 189 6
93 212 9
93 199 2
93 197 3
93 227 4
93 179 7
93 152 7
94 121 4
94 152 8
94 191 1
94 184 1
95 209 1
95 224 9
95 157 8
95 217 8
95 241 4
96 248 2
96 171 5
97 103 6
97 127 6
98 194 7
98 164 6
99 226 4
100 204 7
100 156 1
100 176 4
101 110 6
101 179 1
101 116 2
102 173 5
102 109 6
103 127 5
103 149 6
104 173 2
104 162 5
105 129 9
105 210 9
105 213 7
106 201 9
106 176 6
106 168 9
107 117 9
107 236 8
107 119 1
108 187 3
108 129 4
109 143 5
109 211 8
109 141 8
110 124 4
110 209 1
111 160 7
111 197 6
111 118 6
111 191 2
112 173 6
112 230 1
112 172 9
112 211 6
113 156 1
113 163 4
113 149 5
114 192 6
114 168 3
116 222 5
117 164 5
117 247 2
117 235 2
117 146 8
117 150 8
118 207 6
118 147 8
118 158 6
118 208 3
119 171 5
119 202 2
120 149 3
120 141 3
120 187 6
120 152 4
121 197 7
121 157 8
122 145 8
122 218 4
122 233 4
122 151 6
123 214 2
124 196 7
124 152 6
124 174 9
125 140 1
125 217 9
125 197 8
126 174 6
127 170 7
128 146 4
128 158 3
129 159 3
129 216 3
129 188 7
130 237 1
130 237 7
131 150 9
131 243 9
131 191 4
131 156 2
131 202 3
133 234 4
133 224 9
133 221 6
134 226 9
134 182 3
134 190 4
135 223 7
135 159 2
136 151 4
136 236 2
137 195 3
137 244 8
137 199 8
138 141 3
138 150 6
139 171 9
139 158 8
139 217 8
139 180 5
140 180 5
140 202 6
141 243 3
141 188 5
141 198 8
142 158 3
142 209 1
142 203 8
142 186 7
142 158 7
142 187 1
143 159 2
143 186 2
143 191 6
143 246 6
144 145 1
144 241 9
144 180 3
144 213 4
146 152 7
146 162 5
146 232 8
147 242 8
149 171 8
149 229 5
149 199 7
150 223 6
150 160 2
150 194 3
151 194 8
151 222 5
151 240 2
152 235 7
152 186 9
153 230 3
153 177 6
154 200 2
154 199 6
155 187 3
156 226 7
157 206 5
157 177 8
157 181 3
158 217 6
158 227 7
158 205 2
159 229 2
159 209 5
160 183 6
161 163 3
163 223 9
166 242 2
167 228 6
167 190 3
168 176 5
170 199 9
170 201 3
170 221 1
171 208 4
171 228 3
173 227 6
173 174 7
174 242 8
174 246 8
174 235 7
174 199 1
176 229 6
176 216 4
176 217 3
176 248 1
177 232 6
177 231 7
178 196 3
179 181 2
179 186 5
179 194 2
181 188 5
182 241 1
182 230 6
183 185 3
184 240 6
186 237 4
187 232 8
188 243 1
189 232 3
189 224 9
189 200 3
192 197 4
192 230 8
192 196 9
193 201 4
194 219 8
194 206 7
195 248 8
195 227 4
196 208 7
196 237 6
196 200 7
197 242 9
198 202 4
199 201 7
200 243 3
201 244 7
203 217 9
205 216 3
206 213 5
207 224 9
208 236 6
210 222 9
210 218 3
216 240 7
220 242 7
220 240 8
222 243 4
223 241 6
227 229 9
227 245 5
227 235 2
228 231 6
228 242 6
234 248 8
234 237 8
235 244 9
237 245 2

23 112 1

97 103 6
155 187 3